(66,20) 16916, 20, 0 
(244,29) 62493, 285, 0 
(117,246) 30198, 758, 29 
(209,179) 53683, 947, 108 
(156,249) 40185, 1273, 0 
(112,109) 28781, 1389, 0 
(95,142) 24462, 1678, 23 
(189,15) 48399, 1807, 67 
(253,47) 64815, 2095, 75 
(71,119) 18295, 2423, -35 
(47,186) 12218, 2746, 11 
(88,232) 22760, 3048, 0 
(226,126) 57982, 3198, 56 
(109,62) 27966, 3390, 27 
(214,110) 54894, 3694, 53 
(152,17) 38929, 3857, 0 
(128,97) 32865, 4193, 0 
(250,243) 64243, 4595, -68 
(9,11) 2315, 4619, 66 
(251,198) 64454, 5062, 62 
(215,1) 55041, 5121, 0 
(72,201) 18633, 5577, 0 
(56,221) 14557, 5853, 0 
(238,78) 61006, 5966, 59 
(244,151) 62615, 407, 37 
(29,167) 7591, 6311, 105 
(252,235) 64747, 6635, 58 
(26,71) 6727, 6727, -111 
(126,59) 32315, 6971, -114 
(236,229) 60645, 7397, 0 
(24,164) 6308, 7588, 0 
(178,120) 45688, 7800, 0 
(3,201) 969, 8137, 0 
(159,187) 40891, 8379, -18 
(192,142) 49294, 8590, 48 
(160,158) 41118, 8862, 40 
(83,147) 21395, 9107, -28 
(23,203) 6091, 9419, -14 
(127,29) 32541, 9501, 0 
(69,1) 17665, 9729, 0 
(14,200) 3784, 10184, 0 
(112,46) 28718, 1326, 28 
(231,104) 59240, 10344, 0 
(156,242) 40178, 1266, 39 
(234,182) 60086, 10678, 58 
(165,12) 42252, 10764, 0 
(174,226) 44770, 11234, 43 
(87,242) 22514, 11506, 21 
(11,251) 3067, 11771, -2 
(61,141) 15757, 11917, 0 
